13.11 12.351
12.26 25.879
12.77 9.271
11.42 8.865
14.62 8.403
15.64 11.03
15.09 8.258
15.44 14.163
14.52 11.377
14.64 11.023
12.39 5.902
12.3 7.059
13.83 8.425
14.44 8.049
14.36 7.405
14.21 6.336
15.77 19.263
14.15 6.112
15.22 9.593
14.5 4.686
15.97 12.48
13.62 5.648
15.08 8.034
15.96 25.308
15.94 14.558
14.71 17.498
12.46 4.614
9.45 3.485
13.62 5.092
15.21 10.432
12.79 5.18
11.09 6.197
12.71 7.562
11.44 8.206
11.59 4.036
11.49 3.148
11.32 4.348
10.64 2.448
11.36 4.33
9.17 4.761
12.09 3.016
11.04 2.901
9.22 5.511
10.07 3.739
10.51 3.161
11.2 4.741
11.13 5.052
11.43 6.259
11 4.075
9.84 7.482
11.13 8.78
10.05 2.594
9.62 0.918
9.93 2.37
11.6 8.131
11.09 6.992
11.03 7.956
9.47 8.895
10.93 8.891
7.74 3.116
8.5 3.93
10.57 7.869
9.46 0.611
7.33 3
7.11 3.472
7.58 3.582
6.84 3.643
8.6 1.656
8.88 6.86
7.54 4.199
7.64 5.134
7.64 5.134
7.42 1.89
6.69 4.443
6.74 3.485
10.09 8.043
8.81 6.686
8.4 6.565
7.92 6.477
8.43 5.811
8.78 6.573
8.76 3.942
10.29 5.449
6.38 2.847
8.1 5.795
10.1 7.716
6.67 4.696
9.05 8.316
9.93 7.147
8.24 8.88
6.92 5.299
6.6 5.959
7.81 4.549
8.33 6.928
7.52 3.91
12.27 14.032
8.49 8.845
7.58 5.562
7.93 4.224
8.37 4.753
10 6.462
8.55 3.617
